percent: 14.16%
exponent(): 2.71828e-01
exponent(): 2.71828E-01
